2206024972
2206024972
2206029443
2206029443
2206081534
2206081534
2206830391
2206830391
2206820352
2206820352
2206820075
2206081414
2206081414
2206046784
2206046784
2206826614
2206826614
2206046683
2206046683
2206046802
2206046802
2206819395
2206819395
2206046714
2206046714
2206082045
2206082045
2206823695
2206823695
2206825965
2206825965
2206081780
2206081780
2206025243
2206025243
2206081843
2206081843
2206083445
2206081805
2206025136
2206025136
2206081515
2206081515
2206083691
2206083691
2206826330
2206826330
2206081704
2206081704
2206025060
2206025060
2206024726
2206024726
2206028932
2206028932
2206025230
2206025230
2206081704
2206081704
2206029563
2206029563
2206081723
2206081723
2206082032
2206082032
2206824773
2206824773
2206825776
2206081660
2206081660
2206810042
2206810042
2206081616
2206081616
2206810995
2206810995
2206081995
2206081995
2206818966
2206081370
2206081370
2206046696
2206046696
2206081686
2206081686
2206026473
2206026473
2206824306
2206824306
2206081181
2206081181
2206081736
2206081736
2206825782
2206825782
2206828140
2206828140
2206817383
2206817383
2206081484
2206081484
2206024713
2206024713
2206081313
2206081313
2206816102
2206816102
2206827945
2206827945
2206026012
2206026012
2206081332
2206081332
2206029191
2206029191
2206829010
2206829010
2206081881
2206081881
2206828701
2206828701
2206030754
2206030754
2206813504
2206813504
2206083432
2206083432
2206041991
2206041991
2206024436
2206024436
2206824943
2206824943
2206031422
2206031422
2206024745
2206024745
2206817420
2206817420
2206083741
2206083741
2206814791
2206814791
2106650456
2106650456
2206029153
2206029153
2206081212
2206024392
2206024392
2206083584
2206083584
2206081282
2206081282
2206814236
2206814236
2206816430
2206816430
2206082013
2206081490
2206081490
2206081433
2206081433
2206030262
2206030262
2206820440
2206820440
2206829206
2206829206
2206081982
2206081982
2206083546
2206083546
2206081976
2206081976
2206025426
2206025426
2206046632
2206046632
2206822963
2206822963
2206046790
2206046790
2206821866
2206821866
2206821241
2206821241
2206046815
2206046815
2106651856
2106651856
2206083685
2206083685
2206032425
2206032425
2206829856
2206829856
2206025363
2206025363
2206824136
2206824136
2206819533
2206819533
2206812174
2206812174
2206081225
2206081225
2206081875
2206081875
2206819344
2206819344
2206046752
2206046752
2206081250
2206081250
2206028951
2206028951
2206028251
2206028251
2206081553
2206081553
2206041562
2206041562
2206030520
2206030520
2206821683
2206821683
2206031864
2206031864
2206081521
2206081521
2206081944
2206081944
2206819211
2206819211
2206081824
2206081824
2206083552
2206083552
2206081925
2206081925
2206081654
2206081654
2206081761
2206081761
2206827674
2206827674
2206081452
2206081452
2206814671
2206814671
2206030855
2206030855
2206041404
2206041404
2206031170
2206031170
2206028365
2206028365
2206813795
2206813795
2206081194
2206081194
2206081931
2206081931
2206817490
2206817490
2206828916
2206828916
2206046701
2206046701
2206081231
2206081231
2206814551
2206814551
2206082026
2206082026
2006597771
2006597771
2206081856
2206081856
2206046613
2206046613
2206026321
2206026321
2206081950
2206824161
2206824161
2206081673
2206830744
2206830744
2206823291
2206823291
2206827762
2206827762
2206081566
2206081566
2206046840
2206046840
2206081332
2206081332
2206081276
2206081585
2206081585
2206818846
2206818846
2206081755
2206081755
2206083470
2206083470
2006482584
2006482584
2206821166
2206821166
2206041335
2206041335
2206041953
2206041953
2206811474
2206811474
2206081420
2206081420
2206822414
2206822414
2206081345
2206081345
